OrderedDict([('lp__', array([[3644.68]])), ('k', array([[0.116151]])), ('m', array([[0.0146731]])), ('delta', array([[ 3.94924e-08, -8.46807e-09,  1.23487e-08,  1.00813e-08,
         7.53466e-08,  3.69527e-08,  1.64477e-06,  1.23591e-05,
         7.16238e-03,  3.30856e-03,  9.59930e-06,  2.57258e-09,
        -5.10135e-09,  1.71874e-09, -1.20660e-08, -2.76451e-02,
        -3.06774e-02, -1.32810e-02, -7.66312e-05, -6.76520e-09,
        -1.30338e-08, -1.53293e-09, -8.89210e-09, -1.07203e-08,
        -8.74428e-09]])), ('sigma_obs', array([[0.0587339]])), ('beta', array([[-2.57392e-03,  1.25877e-02,  6.00128e-03,  3.99338e-03,
         1.62107e-03,  3.38481e-03,  2.84729e-03, -1.23774e-03,
        -1.77221e-04, -4.10938e-03, -1.48901e-03, -9.80396e-04,
        -1.39518e-03,  1.60837e-03, -8.88667e-04,  9.71663e-04,
        -5.35010e-04, -1.03176e-02, -6.98789e-03,  5.95038e-04,
        -3.35350e-04,  7.04350e-03,  1.56662e-02, -1.38004e-02,
         1.00048e-02, -1.12542e-02, -4.16073e-03, -1.82912e-03,
        -6.15087e-03,  3.49888e-02,  2.91027e-04,  2.04052e-02,
         6.85676e-03,  1.05345e-02,  3.02143e-03,  1.09312e-02,
         2.33060e-02,  2.95052e-04,  1.44730e-02,  3.84169e-03,
         1.20203e-02,  3.35592e-03,  1.06308e-03,  4.29661e-03,
         2.88407e-03, -1.14364e-03,  3.84371e-03, -4.53463e-03,
         4.65069e-03, -3.22253e-03,  5.09937e-04, -4.41102e-03,
         5.61115e-03,  5.82695e-03,  5.96353e-03,  2.40045e-03,
        -2.71216e-03,  2.56100e-03,  1.69003e-02, -1.35823e-02,
        -2.12973e-03, -6.44776e-03,  6.11281e-03, -6.45111e-03,
         1.88278e-03, -9.71325e-04,  2.17552e-02,  1.40579e-03,
        -8.93914e-04,  4.85365e-04, -1.27049e-04,  2.52363e-04,
        -4.56893e-05,  9.09395e-04,  4.56893e-05,  9.09395e-04,
         1.27049e-04,  2.52363e-04,  8.93914e-04,  4.85365e-04,
         2.23004e-12, -1.35235e-03, -8.93914e-04,  4.85365e-04,
        -1.27049e-04,  2.52363e-04, -4.56893e-05,  9.09395e-04,
         0.00000e+00,  0.00000e+00,  0.00000e+00]])), ('trend', array([[0.0146731, 0.014746 , 0.014819 , ..., 0.109812 , 0.109847 ,
        0.109881 ]]))])